ARM_CGT_HELP=18.1.0.20181119
CCS_DOC=12.8.1.00005
CCS_LAUNCHER=12.0.0.20220603
CCS_UTILS=1.0.0.20221028
CGT_DEFAULTLIBS_MSP430=21.6.1.LTS
CGT_DEFAULTLIBS_TMS470=20.2.7.LTS
CLOUDAGENT=0.5.4963
DEV_SUPPORT_CC2538=2.0.4.11
DEV_SUPPORT_CC26XX=3.20.01.32
DEV_SUPPORT_CC3220=1.0.5
DEV_SUPPORT_CC3230=1.0.5
DEV_SUPPORT_CC32XX=1.0.8
DEV_SUPPORT_CC32XX_COMMON=1.0.8
DMED=1.1.6
DS=12.8.0.3471
DS_FLASH=12.8.0.3471
EMU_TI=20.0.0.3178
INSTALLER=12.8.1.00005
MSP430_BUILD_DEBUG=11.1.0.20211104
MSP430_CGT_HELP=18.1.0.20181119
MSP430_GCC_SUPPORT=11.1.0.20211104
MSP432_BUILD_DEBUG=11.1.0.20211104
MSPM0=1.10.00.06
NODEJS=18.16.0
SEGGER_J_LINK=7.96.0
SYSCONFIG=1.21.0.3721
TARGETDB_DEF_PROPS=12.8.0.N202407141830
TARGET_CONTENT_CORE=3.62.1.16
TIREX=3.8.0.201911142334
TIREX4=4.15.0.202309151451
TIVA_STELLARIS_DRIVERS=2.1.3.15
TI_ARM_CLANG=3.2.2.LTS
USERGUIDE=12.8.0.202407301400
core=12.0.0.20220405
IDE=12.8.0.N202407141830
DVT=4.1.0.202307061549
JRE=11.0.13.8a
IDE_GC=12.8.0.N202407141830
IDE_CHROME=12.8.0.N202407141830
IDE_TOOLS_COMMON=12.8.0.N202407141830
P2APP=12.8.0.N202407141830
P2TOOLS=7.0.0.202001271514
